253 48.3272
252.027 47
251.608 46
250.937 45
250.274 44
249.733 43
248.748 42
248 40.8446
247.399 40
246.851 39
246.114 38
245.526 37
244.941 36
244.439 35
244.174 34
244.065 33
244.353 32
245 31.3048
246 31.9614
247 32.3735
248 33.2241
248.714 34
250.11 36
250.891 37
251.403 38
252.04 39
252.589 40
253 40.7648
253.982 42
254.758 43
255.298 44
255.984 45
254.548 47
-1 -1
257.095 49
258.11 51
257 52.0498
256 50.981
255 50.67
254.433 50
254.97 49
256 48.1773
257.095 49
-1 -1
468.201 80
467.692 81
467 81.3722
466 80.8603
465.299 80
466 79.0532
467 78.5576
-1 -1
129 202.967
130 201.946
131.099 203
131.961 204
132.656 205
132 205.809
130.707 205
130 204.186
129 205.02
-1 -1
99.9508 248
101 246.823
102.224 248
103 249.076
103.982 248
104.178 247
104.251 246
104.765 245
104.91 244
105.147 243
105.868 242
106.05 241
106.795 240
106.86 239
106.868 238
107.129 237
108.033 236
107.922 235
108.122 234
108.611 233
107.035 232
107.817 231
108.635 230
108.036 229
108.386 228
108.861 227
109.044 226
-1 -1
111.126 227
111.912 229
111.453 230
111.241 231
111.183 232
110.926 233
110.079 234
109.957 235
109.614 236
109.055 237
109.121 238
108.939 239
108.757 240
108.122 241
108 241.515
107.029 243
107.044 244
106.759 245
106.605 246
106.075 247
105.975 248
105 249.257
104.898 250
104.448 251
104.169 252
104.101 253
104.13 254
103.681 255
103.101 256
102.684 257
101.97 258
101.974 259
101.554 260
101.254 261
100.085 262
99.0391 263
98.9146 264
98.9759 265
98.6706 266
98.1021 267
97 268.406
96.9349 269
96 270.195
95.9335 271
-1 -1
145.269 228
146 227.024
147 226.9
147.924 228
147 228.694
-1 -1
197.068 252
196.898 253
196.564 255
197.372 256
198 256.888
198.906 258
198.641 259
198 259.095
197 260.094
196 260.62
195 260.403
194.079 259
193.907 258
193 256.698
192.633 256
193.242 255
194 254.062
195 253.668
195.037 252
196 250.555
-1 -1
156 258.606
157 258.977
158 257.992
159.173 257
158.93 256
159.239 255
160 254.439
160.691 255
161.256 256
162.143 257
161 258.084
160 258.882
159 258.748
158 260.04
157 260.958
156.199 262
156.086 263
156.014 264
155.962 265
-1 -1
91.9941 279
91.7763 280
91 280.903
89.9684 282
89.8694 283
89 283.853
88.0177 283
88.1092 282
88.9728 281
89.4069 280
90.0253 279
90.4123 278
90.9646 277
91.1416 276
91.9458 275
92.2347 274
93.0017 273
93.3694 272
93.9352 271
94.1534 270
94.9717 269
95.287 268
95.9587 267
97 265.673
96.9245 265
97 263.986
96.1767 263
96.7932 262
98 260.817
99 260.624
-1 -1
244 265.832
243 265.794
242 264.873
241 265.025
240 265.115
239 265.022
238 264.804
237 264.052
236 264.1
235 264.091
234 263.928
233 263.526
232.332 263
232.464 262
233 261.66
234 261.909
235 261.904
236 262.012
237 262.156
238 262.839
239 262.896
240 262.921
241 263.05
242 263.219
243 263.796
244 263.903
245 263.948
246 264.236
247 264.144
248 264.664
249 264.833
250 264.879
251 265.031
252 265.152
253 265.58
254.207 267
253.962 268
254.193 269
254.075 270
254.071 271
254.054 272
253.878 273
-1 -1
253.011 277
252.823 278
252.963 279
252.138 281
252.083 282
252.213 283
252.078 284
252.074 285
252.05 286
251.876 287
251.711 288
251.393 289
251.172 290
251.118 291
251.007 292
250.955 293
250.793 294
-1 -1
241.155 281
242 280.22
243 280.073
244 279.945
245 279.973
246 280.016
247 280.152
248 280.408
249 280.512
250.034 280
251 279.093
251.177 278
-1 -1
21 279.376
22 279.803
23 280.021
24 280.244
25 280.846
26 281.008
27 281.181
28 281.804
29 281.915
30 282.073
31 282.41
32 282.779
33 283.124
34 283.287
35 283.33
36 284.627
34.9389 285
34 285.687
33 286.1
32 285.404
31 285.283
30 285.345
29 285.148
28.051 284
26.2882 283
25.7497 284
26.0833 285
26.685 286
26.6313 287
26.7753 288
26.4167 289
25.9487 290
25.4779 291
25.1706 292
25.052 293
24.9714 294
-1 -1
199 282.785
200 282.171
200.241 283
200.344 284
200.22 285
201 286.388
202 285.762
203 285.041
204 284.99
205 285.076
205.908 286
206.569 287
206.159 288
206 289.022
205 289.991
204 290.29
203 290.128
202 289.98
201.171 291
200.807 292
200.937 293
201 293.617
202 293.99
203 293.342
204 293.162
205 293.141
206 293.38
-1 -1
22.9571 295
22.9581 294
22.9736 293
22.892 292
22.8568 291
23.0426 290
23.1435 289
23.1287 288
23.1734 287
23.177 286
22.8549 285
22 284.121
21.5474 283
-1 -1
107.806 287
107.903 286
108 284.402
109 284.67
110 284.625
111 284.655
112 285.229
112.539 286
113 286.947
-1 -1
134.426 285
135 284.009
136 283.688
137 283.732
138 283.786
139 284.3
139.117 285
-1 -1
228.138 287
228.431 286
229 285.027
230 284.26
231 284.134
232 284.354
233 285.103
233.059 286
233.228 287
233 287.763
232 288.665
231 288.937
230 288.753
229 288.041
226.829 290
226 291.013
224.825 290
225.251 289
-1 -1
246 284.162
247 283.86
247.712 284
248.889 285
249 285.817
248.048 287
247.997 288
247.903 289
248.462 290
249 290.58
-1 -1
176 289.754
175 290.206
174 290.209
173 289.864
172.34 289
171.979 288
172.237 287
173 286.06
174 285.367
175 285.253
176 285.439
177 286.259
177.35 287
177.8 288
177.852 290
177 291.535
-1 -1
185 289.285
184 290.047
183 290.052
182 289.915
181.155 289
180.918 288
181.114 287
181.916 286
183 285.045
184 284.909
185 285.076
185.835 286
186.691 287
186.841 288
188 288.028
189.397 288
189.388 287
190 285.973
191 285.088
192 284.829
193 284.817
194 285.196
194.557 286
195.112 287
195.987 288
195.943 289
195 290.089
194 290.745
193 290.674
192 290.608
191 290.167
190 289.263
-1 -1
130.682 286
130.056 287
131 287.995
132.036 288
132 287.412
133 286.918
133.889 288
133 288.862
-1 -1
155 285.881
156 286.066
157 285.897
158 286.128
158.745 287
159.595 288
-1 -1
166 285.671
167 285.662
168 286.139
168.293 287
167.587 288
167 288.548
166 288.896
164.295 287
165 286.134
166 285.671
-1 -1
241 285.876
242 285.748
243 286.036
244 287.052
243.871 288
243 289.608
242 290.225
241 290.256
240 289.785
240.076 289
239.16 288
239 287.18
239.854 287
240 286.47
241 285.876
-1 -1
125.917 288
125 288.925
124.012 288
125 286.945
125.917 288
-1 -1
148.807 288
150 286.833
151 287.311
-1 -1
154.231 291
153 291.836
152 291.756
151 291.921
150 291.97
148.801 291
149.326 290
150 289.852
151 290.204
152.398 290
152.31 289
152.122 288
152 286.957
153 286.622
153.908 288
-1 -1
104.214 294
104.032 293
104.03 292
104.268 291
104.084 289
105 288.321
105 289.538
-1 -1
108 288.169
108.782 289
108 289.655
107.179 289
107 288.271
108 288.169
-1 -1
55 289.391
56 289.235
57 289.28
58 289.191
59 289.168
59.8977 290
59.7038 291
60.1623 293
59 294.166
58 294.151
57 294.207
56 294.147
55 294.238
54 294.13
53.1376 293
53.3164 291
53.3354 290
54 289.348
55 289.391
-1 -1
116 289.368
116.409 290
116 290.503
115 290.946
113.867 290
115 288.646
116 289.368
-1 -1
127.696 292
126.372 291
126.628 290
127.008 289
128 288.935
128.906 290
-1 -1
134.114 290
135 289.101
-1 -1
157 289.099
158.135 290
157.648 291
157 291.51
156 291.127
155.854 290
156 289.347
157 289.099
-1 -1
169.624 291
169 291.968
167.865 291
167.831 290
-1 -1
187.176 290
187 291.039
186 291.278
-1 -1
68 290.799
69 291.019
69.998 292
70.675 293
69.8002 294
69 294.897
68 295.215
67 295.387
66 294.973
65.2395 294
65.1254 293
65.8688 292
67 291.04
68 290.799
-1 -1
76 290.692
77 290.718
78 291.101
78.6455 292
78.7441 293
77.7046 294
77 294.766
76 294.958
75 294.802
74.1363 294
73.3853 293
74.048 292
75 291.013
76 290.692
-1 -1
108.835 292
108 292.765
107 292.641
107.128 292
108.835 292
-1 -1
220 294.123
220.816 294
221 293.346
222 292.819
223 292.315
224 292.678
225 293.183
225.795 295
225.68 296
-1 -1
105 292.541
105.771 294
107 295.386
108 295.49
108.622 296
108.55 298
-1 -1
116 293.237
116.758 294
116 294.828
115 294.995
113.926 294
115 293.097
116 293.237
-1 -1
126 293.149
126.932 294
126 295.362
125 295.653
124 295.995
123.001 295
123.935 294
125 293.169
126 293.149
-1 -1
185 293.7
186 294.306
186.157 295
185 296.428
184 296.912
183 296.603
181.984 295
183 293.946
184 293.49
185 293.7
-1 -1
193 293.219
194 293.61
195.086 295
194.42 296
194 296.674
193 297.3
192 297.54
191 297
190.025 296
190.069 295
191 293.912
192 293.286
193 293.219
-1 -1
212 292.795
213 292.787
213.683 294
213 295.03
212 295.666
211 295.605
210.307 294
211 293.107
212 292.795
-1 -1
230.733 293
230.11 294
230.351 295
-1 -1
80.9219 294
80.328 295
79 296.685
-1 -1
91 295.979
90 295.896
89 295.748
88.3365 295
89 294.054
90 293.881
91 293.875
-1 -1
94 293.863
93.9274 295
94 295.754
93 295.822
92.3643 295
93 293.887
94 293.863
-1 -1
98 293.687
98.7652 295
98 295.686
97 295.811
96.0643 295
97 293.796
98 293.687
-1 -1
167 294.093
168 294.31
168.789 295
169.477 296
169.41 297
168 298.153
167 298.904
166 299.122
165 298.689
164.323 298
163.817 297
163.923 296
164 295.344
164.695 295
166 294.076
167 294.093
-1 -1
176 298.233
175 298.824
174 298.871
173 297.919
172.395 297
172.306 296
172.917 295
174 294.031
175 293.826
176 293.887
177 294.286
177.536 295
177.864 296
177.185 297
178.558 298
178.018 299
177 300.072
-1 -1
234 294.06
235 294.196
234.825 295
235.044 296
235 296.559
234 297.161
233 297.233
232 297.06
231.391 296
231 294.921
231.949 295
233 294.057
234 294.06
-1 -1
239 295.464
239.984 295
241 294.014
242 293.719
243 293.9
244 294.197
243.949 295
243.868 296
-1 -1
302 295.043
303 295.308
304 295.941
305 295.737
306 296.012
307 296.617
308 296.541
309 295.884
310 295.071
311 294.367
312 294.955
313.021 296
313.848 297
314.701 298
315.631 299
316 299.559
317 300.616
317.527 301
318.405 302
319.258 303
320.093 304
321 305.24
322 306.119
322.903 307
323.881 308
324.896 309
325.771 310
326 310.628
327.149 312
327.605 313
327.351 314
326.807 315
326.299 316
326.202 317
326.124 318
326.115 319
326.281 320
326.259 321
326.174 322
326.132 323
326.112 324
326.59 325
326.107 326
326.419 327
327.304 328
327.695 329
327.918 330
327.897 331
327.815 332
327.853 333
327.973 334
328.087 335
327.946 336
327.983 337
328.043 338
328.201 339
328.168 340
328.055 341
328.105 342
328 343
328.232 344
328.267 345
328.186 346
328.209 347
328.409 348
328.466 349
328.364 350
328.469 351
328.487 352
328.509 353
328.405 354
328.432 355
329.036 356
330.012 357
330 357.83
331 358.301
332 357.694
333 357.909
334 357.524
335 357.827
336 357.382
337 357.252
338 357.245
339 357.146
340 357.176
341 357.132
342 357.148
343 357.096
344 357.124
345 357.106
346 357.035
347 357.007
348 356.963
349 356.985
350 356.979
351 356.993
352 356.946
353 356.964
354 356.929
355 356.929
356 356.913
357 356.944
358 357
359 356.932
360 356.905
361 356.891
362 356.885
363 356.86
364 356.38
365 356.346
366 356.514
367 356.38
368 356.45
369 356.31
370 356.232
371 356.203
372 356.183
373 356.106
374 356.108
375 356.126
376 356.052
377 356.066
378 356.068
379 356.072
380 355.977
381 355.983
382 356.078
-1 -1
104.025 297
104.01 296
104.118 295
105 295.325
105.906 297
107 298.369
108 298.414
108.746 299
-1 -1
147 295.126
148 295.421
148.535 296
149.22 297
149.564 298
149.731 299
149 300.289
148 300.844
147 300.836
146 300.829
145 300.34
143.749 299
143.659 298
143.899 297
145 295.734
146 295.116
147 295.126
-1 -1
155 294.839
156 295.038
157 295.77
157.902 297
158.028 298
157.961 299
157 300.167
156 300.589
155 300.667
154 300.525
153 299.889
152.397 299
152.222 298
152.181 297
152.901 296
154 295.051
155 294.839
-1 -1
279.511 295
278.964 296
278 296.773
277.013 296
277 295.365
278 295.121
-1 -1
185.251 299
186.003 298
186.711 297
188 295.612
-1 -1
70.1355 298
70 297.18
-1 -1
116 297.193
116.867 298
116 299.023
115 299.589
114.183 299
114.32 298
115 297.364
116 297.193
-1 -1
128 299.479
126.967 298
127.935 297
-1 -1
196.698 297
196.724 298
196 298.983
195 299.886
194 300.092
192.688 299
191 299.718
190 300.137
189 300.197
188 299.848
187 299.973
186 300.194
185 300.906
184 300.449
183 300.285
182 300.536
181 300.003
180.967 299
-1 -1
226 298.819
225 297.895
224 297.32
223 297.73
222 297.78
221 297.259
-1 -1
297 298.007
297.316 299
296 300.091
295 299.669
294.25 299
294 298.324
295 297.926
296 297.361
297 298.007
-1 -1
55 298.057
55.2147 299
55 299.786
54 299.942
52.984 299
54 297.859
55 298.057
-1 -1
59 297.889
59.9702 299
59 299.822
58 299.773
57.5517 299
58 298.005
59 297.889
-1 -1
90 298.177
90.6147 299
90 300.416
89 300.128
88.8258 299
89 298.439
90 298.177
-1 -1
93.0996 299
93 298.258
94 298.116
94.9045 299
94 300.262
93 300.122
92 300.116
-1 -1
97.0941 299
97 298.262
98 298.116
99.0381 299
98 300.128
97 300.149
96 300.093
-1 -1
105 298.317
105.763 299
105.618 300
104.452 300
104.025 299
104.223 298
105 298.317
-1 -1
282 297.74
283.263 299
282 299.975
281 299.574
280.731 299
281 298.318
282 297.74
-1 -1
291 297.7
292 298.182
292.096 299
292.021 300
291 301.097
290 300.597
289.15 300
289.004 299
290 297.916
291 297.7
-1 -1
69 299.35
70 300.039
70.8012 301
70.7039 302
69.6406 303
69 303.641
68 303.869
67 303.935
66 303.171
65.1691 302
65.7546 301
66 300.371
67 299.733
68 299.261
69 299.35
-1 -1
77 299.116
78 299.441
78.6441 300
79.3611 301
79.0951 302
78 303.009
77 303.577
76 303.707
75 303.644
74.1915 303
73.697 302
73.9148 301
75 299.695
76 299.075
77 299.116
-1 -1
278 299.891
277.039 299
-1 -1
301 298.967
302 299.374
302.289 300
302 300.888
301 301.686
300.421 301
300.004 300
300 299.489
301 298.967
-1 -1
169 299.581
168 300.548
-1 -1
221 301.708
222 300.89
223 300.288
224 300.493
225 300.896
225.688 302
225.215 303
225 303.633
224 304.185
223 304.335
222 304.01
-1 -1
258 300.363
259 301.101
260 301.877
261 302.297
262 302.904
263 303.235
264 303.992
-1 -1
105 301.06
106 301.462
105.88 302
103.931 302
104.403 301
105 301.06
-1 -1
107 301.049
108 301.249
108.885 302
-1 -1
117 300.884
117.771 301
117.962 302
118.136 303
118.16 304
117.968 305
118.024 306
117 307.148
116 307.213
115 307.171
114 307.05
113.118 306
113.059 305
113.056 304
113.376 303
112.859 302
114 300.766
115.152 302
114.953 304
117 305.284
-1 -1
126.947 302
126.998 303
126 304.06
125 304.042
124 303.719
123.314 303
124 302.074
125 301.572
126 301.222
126.947 302
-1 -1
134 300.983
135 301.258
135.746 302
136.392 303
135.364 304
134 305.127
133 305.417
132 304.96
131.007 304
131.013 303
132 301.842
133 301.073
134 300.983
-1 -1
55 302.222
55.7148 303
55 304.105
54 304.617
53.3995 304
53.2569 303
54 302.235
55 302.222
-1 -1
59 302.14
59.9569 303
59 304.145
58 303.97
57.9501 303
58 302.331
59 302.14
-1 -1
232 302.883
233 302.16
234 301.959
235 302.103
235.252 303
-1 -1
278 302.029
279 302.322
279.013 303
279 303.764
278 304.061
277 303.698
276.945 303
277 302.459
278 302.029
-1 -1
282 302.015
283 302.486
283.335 303
283 303.554
282 304.017
281 303.587
281.006 303
281 302.466
282 302.015
-1 -1
298 302.274
297 302.831
296.386 304
296.178 305
-1 -1
322 308.907
320.185 308
319.159 307
318 306.023
317 305.439
316 303.908
315 303
313.918 302
-1 -1
156 303.359
157 303.983
157.753 305
156.996 306
156 306.909
155 307.178
154 306.749
153 306.543
152.845 305
154 303.792
155 303.274
156 303.359
-1 -1
161.215 303
161.586 304
161.893 305
-1 -1
185 303.253
186 303.758
187.062 305
186.265 306
186 306.621
185 307.373
184 307.549
183 307.137
181.823 306
182.035 305
183 303.911
184 303.301
185 303.253
-1 -1
193 303.086
194 303.29
194.684 305
193.863 306
193 306.761
192 306.59
191 305.953
190.247 305
191.122 304
192 303.212
193 303.086
-1 -1
201.739 306
202.082 305
203 303.861
204 303.23
205 303.305
206 303.848
207 304.853
207.169 306
206.513 307
206 308.082
205 308.373
204 308.542
203 308.131
202 307.99
201.417 309
201.292 310
201.154 311
201.384 312
202 312.55
203 311.924
204 311.37
205 311.295
206 311.507
207 312.073
-1 -1
209 304.943
209.691 305
210 304.171
211 303.696
212 303.156
213 303.224
214 303.522
215 303.844
-1 -1
293.835 304
293 302.702
-1 -1
95 304.425
96 304.411
97 304.518
98 304.173
98.804 305
98.7342 306
-1 -1
106 304.368
105.941 305
106 305.659
105 306.111
103.833 305
105 303.937
106 304.368
-1 -1
107 303.969
108 304.017
109.142 305
108 306.066
107 306.223
-1 -1
146 303.772
147 303.573
148 303.863
149 304.431
149.298 305
149.738 306
149.935 307
149.746 308
149 308.946
148 309.468
147 309.472
146 309.185
145 308.619
144.417 308
143.968 307
143.952 306
144.342 305
145 304.209
146 303.772
-1 -1
167 303.843
168 303.988
169.045 305
169.725 306
169.875 307
169.99 308
169 309.419
168 309.62
167 309.529
166 309.328
165 308.806
164.273 308
163.886 307
164.016 306
165 304.628
166 303.937
167 303.843
-1 -1
175 303.68
176 303.606
177 303.962
177.907 305
177.237 306
176 307.484
175 307.824
174 307.334
172.699 306
173.109 305
174 304.051
175 303.68
-1 -1
236 303.742
235.232 304
234.625 305
234 305.247
233 305.19
232 304.888
231.818 304
-1 -1
72 304.685
71 304.829
-1 -1
89.7961 306
89 306.806
88.2351 306
89 304.866
89.7961 306
-1 -1
92 304.704
92.8215 306
-1 -1
123.748 306
124 306.71
125 306.999
126.513 307
127 306.297
128 305.659
128.119 305
129 304.616
-1 -1
275.834 305
277 306.423
278 306.051
279 306.093
279 307.901
278 307.794
277.426 307
-1 -1
301 305.303
302 305.727
303 306.143
304 307.182
304.57 308
304.878 309
304.861 310
304.811 311
304.469 312
304 312.858
303 313.583
302 313.472
301 312.377
300 313.326
299 313.066
298 312.382
296.965 311
296.911 310
296.719 309
297 307.655
297.656 307
299 305.871
300 305.474
301 305.303
-1 -1
306 308.06
306.961 308
307.614 307
308 306.374
309 305.748
310 305.234
311 305.235
312 305.432
313 305.987
314.033 307
315.022 308
314.375 309
312.968 310
312 311.062
311 311.688
310 311.689
309 311.865
308 311.51
307.105 310
307.005 309
309 309.165
309.537 309
310.371 308
311 307.888
-1 -1
196.887 306
197.014 307
196.883 308
196 308.913
194.863 308
-1 -1
283 306.052
283.951 307
283 307.953
282 307.851
281.895 307
282 306.051
283 306.052
-1 -1
293 306.04
294 306.637
294.815 308
293.793 309
293 309.832
292 309.948
291 309.391
290.149 308
291 306.591
292 306.082
293 306.04
-1 -1
57.6808 309
56 310.166
55 309.547
54.3809 309
55 307.901
56 307.601
57 307.214
58 307.266
-1 -1
138.02 310
138.092 309
137.677 308
137 306.863
136 306.992
135 307.921
134 307.537
132 307.624
131 308.636
130 309.032
129 309.075
128 308.178
127 308.555
126 309.321
125 309.299
124 309.162
123 308.851
-1 -1
178.947 307
179.073 308
178.884 309
178 310.283
177 309.831
-1 -1
91 307.994
92 308.439
92.1869 309
91 310.092
90 309.576
89.4872 309
90 308.425
91 307.994
-1 -1
94 307.833
95 308.204
94.9797 309
95 309.923
94 310.151
93 309.938
93 308.228
94 307.833
-1 -1
96 308.024
97 308.152
98 308.146
98.8605 309
98 309.923
97 309.851
96 310.086
-1 -1
159.053 308
158.162 309
157 310.25
156 310.669
155 310.868
154 310.896
153 310.881
152 310.939
151 310.864
150 310.637
-1 -1
298 310.479
299.399 309
300.339 308
301 307.843
302.103 309
302.465 310
301.898 311
-1 -1
109.311 313
108.854 311
109 310.341
110 310.044
111 310.022
112 310.023
113 310.076
114 309.891
115 309.959
116 309.998
117.137 311
-1 -1
279 312.012
277.708 311
278 310.299
279 310.013
-1 -1
281 309.828
282 310.156
283 310.176
283.702 311
283 311.987
282 312.14
281 313.46
281.208 314
280.769 315
280.893 316
-1 -1
315.798 310
316.105 311
315 312.322
314 313.251
313 314.332
313 315
312.968 316
-1 -1
60 310.75
61 310.688
62 310.731
62.4654 312
61 312.967
60 312.936
59 312.891
58.1371 312
59 310.877
60 310.75
-1 -1
171.918 311
172.484 312
174 312.482
175 312.039
176 312.097
177 312.366
178 313.27
178.476 314
178.741 315
179.192 316
178.945 317
178 318.088
177 318.749
176 318.737
175 317.861
174 317.254
173.119 316
173.025 315
172.958 314
-1 -1
194 311.678
195 312.164
195.675 313
196.054 314
196.162 315
195 315.535
194 316.257
193 316.58
192 316.489
191 315.776
190.612 315
190.262 314
190.816 313
191 312.463
192 311.81
193 311.393
194 311.678
-1 -1
210 312.561
211 311.817
212 311.218
213 311.19
214 311.328
215 312.16
-1 -1
115 311.987
114 312.215
112.748 313
112 314.321
111 314.005
110 314.748
109.462 314
110 313.402
-1 -1
168 312.408
168.533 313
168.879 314
168 314.994
167 315.437
166 315.224
164.893 314
166 312.821
167 312.316
168 312.408
-1 -1
185 311.857
186 312.067
186.907 313
187.004 314
186 315.031
185 315.831
184 315.754
183 315.003
182.053 314
182.624 313
184 311.939
185 311.857
-1 -1
224.969 312
225 312.863
226 313.003
227 312.981
228 312.955
229 312.939
230 312.786
231 312.087
-1 -1
14.0566 320
15 318.868
16 318.296
17 318.115
18 317.988
19 316.927
18.9478 316
19.1392 315
19.7579 314
21 312.937
-1 -1
116 313.157
116.575 313
117.061 314
116 314.721
115 314.615
114 314.255
-1 -1
143.464 316
144.159 315
145 313.849
146 313.693
147 313.429
148 313.439
149 313.433
150 313.471
151 313.427
152 313.289
153 313.318
154 313.255
155 313.182
156 313.194
156.862 314
156.679 315
156.909 317
156 318.579
155 318.612
154 318.507
153 318.73
152 318.655
151 318.786
150 318.707
149 318.668
148 318.777
147 318.826
146 318.836
145 318.652
144.203 318
145 317.47
146 317.21
147 317.202
148 317.311
149 317.375
150 317.239
151 317.3
153 317.378
-1 -1
292 312.811
293 312.578
294 313.032
294.948 314
294.74 315
294.569 316
293 316.099
292 316.124
290.847 315
290.554 314
291 313.208
292 312.811
-1 -1
94.2212 315
95 313.971
96 314.047
97 313.854
98 313.788
99 314.038
99.6637 315
98.8489 316
-1 -1
233 315.79
232 314.861
231 315.085
230 315.234
229 315.183
228 315.08
227 315.03
226 315.031
225 315.175
224 314.958
223.98 314
-1 -1
241 316.99
240.838 316
240.966 315
241 314.5
242 313.947
243.216 315
242.961 316
243.075 317
-1 -1
22 314.601
21.1426 315
21.0153 316
20.7273 317
20.0043 318
19.7285 319
19 319.646
18 319.945
17 320.107
16.0724 321
16.0377 322
15.9516 323
15.9209 324
15.9631 325
15.8149 326
15.9866 327
16.0339 328
16.0826 329
16.0868 330
16 331
16.051 332
16.2226 333
16.1612 334
16.419 335
16.1236 336
-1 -1
245.149 317
246 316.209
247 316.108
248 316.2
249.1 315
-1 -1
302.993 315
302.872 316
-1 -1
168.112 318
168.977 317
169.872 316
-1 -1
303 318.712
304.095 319
304.353 318
305 317.158
306 316.477
307 316.09
308 316.062
309 316.462
310 317.176
310.1 318
309.754 319
308.964 320
308 320.799
307 321.068
306 320.94
305 320.317
-1 -1
316 318
315 316.826
316 315.958
317 315.73
318 315.684
319 315.88
320 316.22
321 317.171
321.58 318
322.016 319
322.145 320
322.638 321
322.599 322
321.852 323
322 324.492
321 324.313
320 324.105
319 324.032
318 323.987
317 324.044
316 323.89
315 322.858
314.278 322
313.877 321
313.367 320
313.765 319
313.986 318
-1 -1
96 317.213
97 317.18
98 317.472
99 317.47
99.6931 318
99 318.762
98 318.822
97 319.011
96 318.948
95 318.805
94.3347 318
95 317.395
96 317.213
-1 -1
171.035 317
171 317.79
170 318.205
169 318.932
-1 -1
185.053 318
185.941 317
-1 -1
298 316.541
299 316.734
300 317.047
300.964 318
301.438 319
301.081 320
300.952 321
300 322.858
299 322.748
298 322.643
297 322.224
295.724 321
295.126 320
295.183 319
295.945 318
297 316.957
298 316.541
-1 -1
191 319.693
190 319.035
189 319.239
188 318.929
187 318.424
186 319.196
185 319.261
184 319.578
183 319.433
182 318.932
182.009 318
-1 -1
248.782 318
248 318.959
247 319.488
246 319.393
245 318.852
-1 -1
318 318.651
318.979 319
319.195 320
318.91 321
318 322.031
317.424 321
316.316 320
316.929 319
316.624 318
318 318.651
-1 -1
101.763 323
101.972 324
101 325.581
100 325.747
99 325.698
98 325.644
97 325.723
96 325.548
95.2126 324
97 322.925
98 323.125
99 322.617
100 321.704
101 321.267
101.665 320
-1 -1
5 323.059
6 322.267
7 320.949
-1 -1
193 322.703
192.13 324
191.683 325
191.038 326
190 326.931
188.927 326
190 324.252
191.05 323
193 321.334
-1 -1
196 320.764
197 320.731
198 320.792
198.863 322
199.004 323
199.107 324
198.656 325
198 325.614
197.185 325
196.654 324
196 323.313
195 322.813
194.655 322
195 321.166
196 320.764
-1 -1
207 321.112
208 321.413
208.646 322
209.377 323
208.609 324
207.881 325
207 325.866
206 326.165
205 326.07
203.986 325
203.022 324
203.158 323
204 322.056
205 321.578
206 321.115
207 321.112
-1 -1
216 320.944
217 320.989
218 321.275
219 322.028
219.793 323
220.166 324
220.241 325
219.21 326
218 326.946
217 327.34
216 327.559
215 327.457
214 327.118
212.987 326
212.476 325
212.421 324
212.886 323
214 321.812
215 321.148
216 320.944
-1 -1
259 321.516
260.013 323
259 324.314
258 324.785
257 324.107
256.104 323
257 321.917
258 321.402
259 321.516
-1 -1
314 323.836
313 324.048
312 324.821
311 324.934
310 325.065
309 324.968
308.482 324
309 323.118
309.777 323
310.678 322
311.05 321
-1 -1
176.479 324
177 323.246
178 323.222
179 323.477
180 322.984
181 322.453
182 322.1
183 322.072
184.052 323
184.145 324
-1 -1
205.219 324
206.304 323
-1 -1
275.659 323
276 324.346
277 324.329
278 324.377
278.892 326
-1 -1
6.56536 324
6 324.688
5 324.83
4 326.936
-1 -1
29.162 331
29.7741 330
30.4931 329
31.2838 328
32 327.286
33.0861 326
33.984 325
35 323.99
36 323.546
37 323.991
38 324.187
39 324.581
40 324.92
41 325.254
42 325.774
43 325.864
44 326.053
45 326.353
46 326.877
47 327.033
48 327.546
49 327.756
-1 -1
248.763 325
249.006 326
248 327.182
247 327.441
246 327.191
244.979 326
245 325.164
246 324.617
247 324.13
248 324.203
249 324.393
-1 -1
266 323.872
267 323.557
268 323.514
268.885 325
268 326.066
267 326.279
266 325.934
265.335 325
265 324.297
266 323.872
-1 -1
282 323.949
283.081 325
282.553 326
282 326.374
281 325.829
280.986 325
281 324.26
282 323.949
-1 -1
211.2 327
210 328.222
209 328.685
208.249 328
209.044 327
209.871 326
211 324.554
-1 -1
278 326.869
277 326.72
276.932 326
-1 -1
296 325.954
297.018 327
296 328.082
294.874 327
295.249 326
296 325.954
-1 -1
325 328.118
324.157 328
323.521 327
322.638 326
-1 -1
51 328.044
52 327.915
53 328.114
54 328.187
55 329.157
56 328.993
57 329.129
58 329.162
59 329.161
60 329.346
61 329.875
62 329.983
63.4591 331
62 332.133
-1 -1
235.752 332
235.041 333
234 333.998
233 334.222
232 334.014
231 333.783
230 333.113
229.076 332
229.28 331
229.964 330
231 328.967
232 328.39
233 328.162
234 328.287
235 328.816
236 329.335
236.346 330
236.766 331
237.676 332
238.297 333
238.141 334
237 335.686
236 336.198
235 336.862
234.265 336
-1 -1
255.055 328
255.058 329
254.947 330
256 331.02
256.8 331
257 330.397
258 329.874
259 329.936
260 330.02
-1 -1
310 328.11
311 328.386
312 329.137
312.683 330
313.024 331
312.342 332
312 333.722
311 333.541
310 333.595
309 333.729
308 333.047
307.639 332
307.157 331
307.537 330
308 329.104
309 328.459
310 328.11
-1 -1
320 328.039
321 328.073
322 328.401
322.263 329
322.655 330
322.115 331
321.517 332
321 332.289
320 332.868
319 332.78
318 332.375
317 331.881
316.46 331
316 330.353
316.947 330
317.868 329
319 328.182
320 328.039
-1 -1
206 329.051
207.068 329
-1 -1
222 328.737
223 328.664
224 328.881
225 329.177
226 329.987
226.819 331
227.024 332
227.056 333
227.184 334
226.86 335
226 335.903
225 336.347
224 336.184
223 336.272
222 336.119
221 335.901
220 335.034
219.214 334
218.913 333
218.904 332
219.194 331
220.063 330
221 329.131
222 328.737
-1 -1
281.235 330
281.44 329
282 329.058
283 329.036
283.786 330
286.023 331
285.822 332
-1 -1
39.0262 331
37.8313 332
36 333.234
35.1332 334
34 334.953
32.7743 336
32.9594 337
32.3422 338
31 339.2
30 339.05
29 338.447
28 337.733
27 336.877
26.3404 336
27 334.367
28 334.871
-1 -1
231.697 333
231.973 332
233 330.926
234 330.977
-1 -1
75.1945 332
75 332.56
75.6978 333
75.9708 334
75.8038 335
75.926 336
75.6554 337
75.3439 338
75.6415 339
75.7706 340
75.7256 341
76.1743 343
76.2458 344
-1 -1
221.596 333
222 332.026
-1 -1
248 332.071
249 332.422
249.656 334
249 334.889
248 335.564
247 335.69
246 335.206
245.209 334
245 333.224
246 332.88
247 332.216
248 332.071
-1 -1
259.958 332
259 333.004
258 332.946
257 332.873
-1 -1
283.201 333
282 334.112
280.938 333
282 331.993
283.201 333
-1 -1
291.839 335
291.51 334
292.058 333
293 332.052
294 331.779
295 331.913
296 332.457
297 333.419
297.192 334
297.144 335
297.933 336
297 337.07
296 337.727
295 336.799
294 336.729
293 336.793
292 336.124
291 335.67
-1 -1
66.5675 334
66.8361 335
66 335.772
64.9768 335
65.0869 334
66 333.343
66.5675 334
-1 -1
265.864 334
266 333.373
267 332.884
268 332.628
269 332.828
270 333.397
-1 -1
323.222 337
323 336.177
322.119 335
322.997 334
323.725 333
-1 -1
269.333 334
269 335.085
268 335.673
267 335.691
-1 -1
168.06 340
167.889 341
167.911 342
168.035 343
168.088 344
168.098 345
167.903 346
167.82 347
167.823 348
167 349.096
166 348.952
165 348.924
163.66 348
164.209 347
164.782 346
164.766 345
163.806 344
163.634 343
163.759 342
163.5 341
163.593 340
163.813 339
163.74 338
163.321 337
164.102 336
165 335.268
166 335.099
167 335.064
168 335.095
169 335.037
170 335.06
171 335.204
172 335.081
173 335.034
174 335.022
175 335.136
176 335.414
176.177 336
176.622 337
176.091 338
175.943 339
-1 -1
93.6803 337
93.2468 336
95 335.845
96 335.915
97 335.936
98 335.908
99 336.041
100 336.147
101 336.887
102 337.084
103 337.032
104 337.212
105 337.14
106 337.159
107 337.25
108 337.261
109 337.502
110 337.693
111 337.781
112 337.888
113 337.991
114 337.957
115 337.839
116 337.841
117 338.06
118 338.233
119 338.07
120.264 339
-1 -1
248 338.042
249 337.283
249.754 337
250.591 336
-1 -1
311 336.388
312 336.963
312.963 338
313.363 339
313.281 340
312.615 341
312 341.752
311 341.659
310 341.733
309 341.631
308 340.95
307.721 340
307.275 339
307.768 338
308.459 337
309 336.619
310 336.179
311 336.388
-1 -1
54.8047 338
54.6688 339
54 339.121
53.2046 338
54 337.256
54.8047 338
-1 -1
197.635 339
198.009 340
197 341.196
196 341.754
195 341.226
193.749 340
194 339.146
195 338.551
196 338.03
197 338.091
198 338.352
199 337.166
200.108 338
-1 -1
181 337.979
182 338.248
181.964 339
182.046 340
182 340.523
181 341.118
180 341.137
179 340.874
178.114 340
179 338.873
180 338.154
181 337.979
-1 -1
189 338.057
190 338.267
189.829 339
190.02 340
190 340.54
189 341.21
188 341.376
187 340.978
186.124 340
187 338.868
188 338.198
189 338.057
-1 -1
204 338.039
205 338.229
206 338.966
206.729 340
205.811 341
205 341.896
204 342.213
203 341.85
202 341.842
200.938 341
201.288 340
202.16 339
203 338.285
204 338.039
-1 -1
320 338.047
321 338.104
322 338.479
323 339.101
323.626 340
323.6 341
322.743 342
322.447 343
322 343.822
321 344.333
320 344.493
319 344.433
318 344.191
316.872 343
316.34 342
316.405 341
317.005 340
318 338.918
319 338.266
320 338.047
-1 -1
94.0601 340
93 340.992
92.027 340
93 338.772
94.0601 340
-1 -1
295 340.046
296 340.182
296.31 341
295.863 342
295 342.964
294 343.179
293 342.926
292.232 342
292.715 341
294 340.148
295 340.046
-1 -1
184.84 345
184 344.045
183 343.665
182.275 343
182.959 342
184.111 341
-1 -1
186.821 343
187.348 344
188 343.952
189.69 344
190.327 343
191.076 342
192 341.329
193.096 342
193.851 343
194.747 344
194 345.026
193 344.975
192 344.831
191 345.086
189.871 347
-1 -1
207.683 341
208.066 342
207.944 343
207.116 344
206 345.055
204.924 344
205.816 343
-1 -1
204 344.818
203 344.937
202 344.931
201 344.977
200 344.837
199 345.065
198 344.67
197.297 344
198.152 343
199.209 342
-1 -1
178 344.902
176.688 344
178 343.347
178.919 343
179.223 344
179.228 345
178.956 346
-1 -1
245 344.916
246.065 346
245 346.979
244 346.942
243 347.095
242.179 346
242.997 345
244 344.386
245 344.916
-1 -1
286.946 345
286 346.046
284.882 345
286 343.874
286.946 345
-1 -1
311 344.286
312 344.773
313.102 346
313.838 347
314.107 348
313.285 349
312 350.125
311 349.945
310 349.958
309 349.766
308 348.838
307.505 348
307.391 347
307.948 346
309 344.817
310 344.26
311 344.286
-1 -1
76.969 346
77.4512 345
78 344.587
79.1518 346
-1 -1
94.5427 347
94 347.606
93 347.643
92.3771 347
93 345.968
94 345.384
94.5427 347
-1 -1
99.0335 346
98.822 347
98 347.658
97.2629 347
97.1338 346
98 345.08
99.0335 346
-1 -1
33 351.951
34 352.148
34.5988 353
34 353.761
33 354.121
31.8467 353
31.3268 352
31.0528 351
31.0613 350
30.8869 349
29.889 348
30.0974 347
31 346.36
32 346.842
-1 -1
74 350.479
73.0812 350
72.6667 349
71.7278 348
71.3591 347
72 346.201
73 346.795
74 347.767
74.9937 349
75.5505 350
-1 -1
89 345.605
89.7725 347
89 347.741
88.2203 347
88.4664 346
89 345.605
-1 -1
184 347.044
184.2 348
184 348.772
183 349.456
182 349.7
181 348.959
180.227 348
181 347.074
182 346.608
183 346.4
184 347.044
-1 -1
228.938 353
228.461 352
228 350.877
227 350.316
226 350.129
225 349.935
224.828 349
225 348.225
226 348.011
227 348.055
228 348.191
229 347.938
230 347.189
231 346.456
231.262 348
230.856 349
229 350.181
-1 -1
265 347.941
265.611 348
266 347.173
266.336 346
-1 -1
278 350.099
277 349.886
276 349.098
274.789 348
274.21 347
274.027 346
-1 -1
79 348.761
78 348.88
77.1152 348
78 347.275
79 347.301
-1 -1
81.9921 348
81 348.936
80 348.592
79.9366 348
81 347.088
81.9921 348
-1 -1
267.905 347
268.01 348
267.074 349
-1 -1
321 348.386
322 348.773
323 349.205
323.535 350
323.828 351
323.234 352
322.996 353
322 354.067
321 354.712
320 354.76
319 354.546
318 354.051
316.961 353
317.063 352
317.071 351
317.698 350
318 349.472
319 348.843
320 348.37
321 348.386
-1 -1
94 350.058
94.933 351
94 352.004
92.7904 351
93 350.486
94 350.058
-1 -1
99.1266 351
98 352.091
96.9743 351
98 349.961
99.1266 351
-1 -1
121 350.698
122 351.297
122.566 352
122.955 353
122.943 354
122.823 355
122 355.886
121 356.162
120 355.868
119 355.976
118 355.55
116.993 354
116.883 353
117.253 352
118 351.126
119 350.562
120 350.322
121 350.698
-1 -1
188 350.887
187 350.318
186 350.978
185 351.978
183.635 351
-1 -1
79 351.277
78.9345 352
79 352.768
78 352.987
76.9961 352
78 351.041
79 351.277
-1 -1
80 351.087
81 351.117
81.9752 352
81 352.96
80 353.021
-1 -1
126 352.396
127 352.021
128 352.466
128.07 353
127 354.185
126 354.581
123.692 357
-1 -1
173.966 354
173.218 353
172.732 352
172 351.974
171 351.916
170 351.983
-1 -1
181 351.929
182.229 353
182.114 354
182.123 355
-1 -1
206 354.263
204.791 353
204 352.104
203 352.207
202 352.915
201.296 354
201.177 355
200.855 356
200 356.677
199 357.206
198 357.928
197 358.947
196.037 360
-1 -1
223.957 352
223.05 353
224 354.026
225 353.855
226 353.36
227 353.291
227.862 355
228 355.581
227 356.103
226 356.585
225 356.17
-1 -1
311 351.968
311.739 353
311 354.092
310 353.589
309.544 353
310 352.211
311 351.968
-1 -1
160 356.945
158.957 356
159 355.215
160 354.721
161 354.001
162 353.469
-1 -1
16.9288 354
17.0826 355
17.0528 356
17.179 357
17.2298 358
17.1484 359
17.1289 360
17.1485 361
17.3352 362
17.0709 363
17.0542 364
17.0532 365
17.0294 366
-1 -1
72.157 369
72.7038 368
73 367.029
73.7645 366
73.1921 365
73.0914 364
72.7943 363
73.0862 362
73.0462 361
72.7156 360
73.0682 359
73.7234 358
72 357.24
71 357.783
70 357.838
69 357.634
67.538 357
66.626 356
67 354.259
-1 -1
167.064 355
166 355.955
165.013 355
166 353.921
167.064 355
-1 -1
187 353.945
188 354.035
189.158 355
189.81 356
189.139 357
188 358.094
187 358.667
186 358.645
185 358.28
184 357.668
183.77 357
183.964 356
185 354.82
186 354.133
187 353.945
-1 -1
76.1191 355
76.1209 356
76.4767 357
76.2473 358
76.0292 359
76.015 360
76.1323 361
76.052 362
76.0315 363
78 364.369
79.9315 362
81 360.959
82.0548 362
-1 -1
163.021 355
162 355.804
161 355.904
-1 -1
184.611 363
186 361.944
187 362.268
187 363.938
186 364.374
185 365.175
184.444 366
183.714 367
183 367.634
182 368.103
181 368.793
180 368.386
179.382 368
178.742 367
178.045 366
177.59 365
177.101 364
178 362.803
178.487 362
178.085 361
178 360.34
176.749 359
176 358.746
175 356.806
174.226 356
173.982 355
-1 -1
274 356.852
273.32 356
274 355.282
274 356.852
-1 -1
308.26 355
309.368 356
310 356.763
311 356.899
311.893 356
313 354.856
313.995 356
312.883 357
-1 -1
223.344 356
223.424 357
224.171 358
225 358.717
226 359
227 358.922
227.833 359
228.737 358
229.193 357
229.791 356
-1 -1
236 358.882
237.17 358
237.935 357
237.948 356
-1 -1
166 358.406
167 358.067
168 357.271
168.941 358
169.592 359
169.736 360
168.789 361
168 361.757
167 362.356
166.218 362
165.994 361
165.421 360
-1 -1
231.971 357
232.866 358
233.432 359
233 359.739
232 360.018
231 359.909
230 359.867
229 359.737
-1 -1
290.724 359
290 359.944
289.215 359
290 358.165
290.724 359
-1 -1
119 358.839
120 358.74
121 359.029
122 359.858
122.745 361
123.017 362
122.953 363
122 363.999
121 364.605
120 364.517
119 364.474
118 363.972
117.088 363
116.678 362
116.763 361
117.248 360
118 359.23
119 358.839
-1 -1
126 358.796
127 358.506
128 358.995
128.852 360
129.172 361
128.51 362
128 362.181
127 362.165
126 361.779
125.063 360
125 359.437
126 358.796
-1 -1
152.238 362
151 363.168
149.912 362
148.995 360
149.491 359
150 358.99
150.925 360
-1 -1
330.815 359
330.338 360
329 361.013
328 360.714
327 360.466
326 360.613
325 360.46
324 360.653
323 360.758
322 360.704
321 360.507
320 360.712
319 360.685
318 360.626
317 360.788
316 360.865
315 360.817
314 360.784
313 360.87
312 360.835
311 360.787
310 360.845
309 360.865
308 361.102
307 361.066
306 361.744
305 362.224
304.383 363
304.4 364
304.251 365
304.456 366
304.325 367
304.739 368
304.422 369
-1 -1
385 361.042
383.756 360
384.077 359
385 358.86
-1 -1
62.9364 368
64 366.948
65 366.934
66 367.364
67.5181 366
67.3126 365
67.0676 364
67.2526 363
68 362.609
68.79 361
70 360.064
-1 -1
204.617 361
204.848 362
204 362.979
203.109 362
203.336 361
204 360.232
204.617 361
-1 -1
87.0774 362
88 360.933
88.9152 362
-1 -1
92 360.777
92.9383 362
92.9256 363
92.8162 364
92.7482 365
92 365.721
91.3435 365
91.1697 364
91.0623 363
91.0628 362
91 361.307
92 360.777
-1 -1
99.9406 362
99 362.969
97.8084 362
99 360.933
99.9406 362
-1 -1
187.307 367
189.065 366
190 365.234
191 364.722
192 364.011
193 363.137
194 363.054
194.821 362
195 361.314
194 361.149
193 360.503
192 361.011
191 361.772
190 362.214
189 363.005
-1 -1
44 365.527
43 365.217
42 365.034
41.4178 364
42 362.995
43 362.653
44 362.616
45 363.052
45.8751 364
45.7944 365
45.9317 366
-1 -1
82.1049 364
81 365.028
-1 -1
88.5066 364
88.8246 365
88 365.872
87.1897 365
88 364.109
88.5066 364
-1 -1
294 366.156
294.828 366
295 365.178
296 364.546
297 364.358
298 364.343
299 364.852
300 365.315
-1 -1
99 365.042
99.9761 366
99 366.98
97.9458 366
98.495 365
99 365.042
-1 -1
128 367
127 367.979
126 367.852
125.337 367
126 365.626
127 365.42
128 367
-1 -1
164 369.025
163.1 369
162 368.097
161 368.198
160 369.231
159 369.766
158 370.313
157.75 371
157.937 372
157 372.918
156.445 373
155.808 372
154.986 371
155.086 370
156.286 369
158 368.04
159 367.055
160 366.844
161 366.074
162 365.696
163 365.347
163.791 366
164.346 367
165.069 368
-1 -1
156.151 367
155 367.896
154 368.291
153 368.321
152.18 367
153 366.123
154 365.961
155 365.979
-1 -1
120 367.148
121 367.385
121.571 368
122.285 369
121.097 370
120 371.06
119 371.186
118 370.906
116.978 370
116.835 369
117.459 368
118 367.566
119 367.084
120 367.148
-1 -1
224 368.755
225 369.266
226 369.957
227 369.983
227.666 370
228.595 369
229.211 368
229.875 367
-1 -1
26 377.637
25 377.689
24.4546 377
25 376.113
25.5197 375
26.6284 374
27 372.794
26.2271 372
27 370.399
27.1605 369
-1 -1
67 368.576
68 369.706
69 370.789
70 371.492
69.9057 372
69 373.128
68 372.964
67.2382 372
66.7532 371
66.0495 370
66.2287 369
67 368.576
-1 -1
171.971 370
173 369.001
174.767 369
174.382 370
174 371.912
173 371.98
172 371.981
171 372.177
170 372.974
168.757 374
-1 -1
123.019 371
123.157 372
122 373.098
121 373.905
119.988 373
-1 -1
127 370.845
128.044 372
127 373.104
126 373.116
125.087 372
126 370.777
127 370.845
-1 -1
165 371.052
166.145 372
166.1 373
166.337 374
166.623 375
167.59 376
166.571 377
166 377.472
165.414 378
164 379.078
163 379.122
162 379.781
161 379.952
160.023 379
159.249 378
157.97 377
157.761 376
158.255 375
159 374.163
160 373.752
161.143 373
162 372.584
163 372.137
164.113 371
165 371.052
-1 -1
233 371.389
232 371.22
231 371.212
230 370.676
229 371.099
228 371.699
227 371.896
226 371.952
225 371.742
224 371.184
-1 -1
297 372.621
298 372.878
299 373.103
299.765 374
299.785 375
298.971 376
298 376.827
297 376.917
296 376.732
295.476 376
295.04 375
295 373.928
296 373.07
297 372.621
-1 -1
71.0871 375
70 376.092
69.4424 376
68.9082 375
70 373.943
71.0871 375
-1 -1
304.57 374
304.73 375
304.932 376
304.828 377
304.833 378
304.949 379
305.258 380
-1 -1
38 376.028
39 375.977
40 376.48
40.7194 377
40 377.666
39 377.987
38 378
37 377.951
35.6406 377
37 376.076
38 376.028
-1 -1
76.7335 376
76.9642 377
76.8829 378
76.9546 379
76.7681 380
76.8294 381
77.0521 382
76.9559 383
77 384
76.9808 385
76.9586 386
77.1012 387
78 387.181
-1 -1
109 376.357
109.571 377
109.354 378
109 378.501
108 379.019
107 378.883
106.073 378
107 376.597
108 376.272
109 376.357
-1 -1
110.229 390
111 388.853
111.972 387
112.084 386
112.881 385
112.905 384
113.143 383
113.083 382
112.975 381
112.864 380
112.808 379
112.765 378
112.947 377
-1 -1
122.041 377
123 377.741
123.795 378
124.01 379
125 380.035
125.778 380
126 379.337
127 378.762
128 378.581
129 378.883
129.326 380
130 380.74
129.235 381
129 381.696
128 382.29
127 382.576
126 382.026
126.043 381
-1 -1
65 381.24
63.7564 381
63.1004 380
62 379.029
61 378.315
60 378.858
-1 -1
69 378.102
69.8775 379
69 379.959
68 379.901
67.2509 379
68 378.109
69 378.102
-1 -1
120 378.377
121 378.79
121.018 380
121 380.978
120 381.975
119 382.484
118 382.127
116.248 381
116 380.337
116.867 380
117 379.338
118 378.736
119 378.277
120 378.377
-1 -1
131 377.676
131.895 378
132.199 379
-1 -1
52.0416 379
52.0992 380
52.0885 381
53 382.341
54 382.203
55.004 383
55.9771 384
-1 -1
133.332 382
133 380.469
134.014 380
135 378.956
136 378.66
137 378.839
138 379.18
139 380.477
-1 -1
140 379.046
140.587 379
141.083 380
140.47 381
140.367 382
140.944 383
140.205 384
140 384.643
139 385.341
138 385.975
137.127 385
137.855 384
139.43 383
138 381.853
137.435 382
137 382.876
136 383.122
135 382.926
134.877 382
-1 -1
155 379.003
156.067 380
157 380.842
158 379.84
159.434 381
158 382.175
157 382.791
156 383.216
155 382.831
154.399 382
154.178 381
153.771 380
-1 -1
235.946 382
235 383.161
234 383.372
233 383.367
232 383.5
231 383.302
230 383.733
229 383.725
228.19 383
227.753 382
229 381.249
230 380.845
231.871 380
233 380.859
234 380.766
235 380.751
236 379.72
-1 -1
73.973 382
73 382.995
71.9164 382
73 381
73.973 382
-1 -1
92 382.674
93 381.757
94.0066 383
93.8323 384
93 384.834
92 385.179
91 384.897
90.1123 384
90.0029 383
91 381.966
92 382.674
-1 -1
98 381.728
99 381.616
99.5365 382
100.12 383
99.5992 384
99 384.42
98 384.567
97.2812 384
96.8343 383
97 382.401
98 381.728
-1 -1
108 381.698
109 381.943
109.809 383
109 383.969
108 384.5
107 384.003
106.254 383
107 382.251
108 381.698
-1 -1
125.228 383
124.776 384
123.991 385
123 385.142
122 385.69
121.013 385
120.795 384
121.506 383
121.951 382
123.67 382
-1 -1
129.799 386
129.204 385
129.191 384
130.073 383
131.038 382
-1 -1
287.933 403
288.186 402
288.824 401
288.879 400
289.046 399
289.098 398
289.366 397
289.63 396
289.16 395
289.161 394
288.994 393
289.093 392
288.988 391
288.984 390
288.803 389
288.824 388
288.138 387
287.938 386
287.415 385
286.967 384
286.886 383
286.894 382
-1 -1
58.5972 385
59.2142 384
60 383.56
-1 -1
116.786 384
116 384.886
115.511 386
115.023 387
116 388.428
-1 -1
53.8608 388
53.5849 387
54 386.096
55 385.738
56 385.547
57 385.852
58 386.116
59 386.907
60.1962 386
61 384.908
61.5797 386
-1 -1
134.889 385
135 386.003
134 386.303
132.459 387
132.293 388
132.18 389
132.133 390
132.22 391
131.215 392
130 392.584
129.025 392
-1 -1
305.357 385
305.647 386
305.926 387
306.121 388
306.235 389
306.598 390
307.282 391
-1 -1
123.723 386
124.083 387
-1 -1
172.791 388
174 387.073
175 386.107
175.642 387
175.837 388
174.965 389
174 390.005
-1 -1
119 386.961
120 387.122
120.64 388
120.771 389
120 390.012
119 390.611
118 390.021
117 389.699
116.94 389
117.164 388
118 387.206
119 386.961
-1 -1
119 392.99
119.631 393
120.681 392
121.562 391
121.845 390
123 389.743
125.082 389
125 388.275
125.914 388
127 387.18
128 387.207
129 387.667
129.658 389
129 390.117
128 390.992
127 391.018
126 390.814
124.17 391
124.91 392
124 392.595
123 393.023
122 393.55
121 393.88
-1 -1
16.1454 390
15.9829 389
16.4247 388
17 387.874
17.8342 388
18.1297 389
18.2101 390
18.32 391
18.1926 392
18.0547 393
18.1373 394
18.162 395
18.582 396
18.5298 397
18.3158 398
18.4161 399
18.7267 400
18.6858 401
18.8206 402
18.7807 403
18.9377 404
18.7952 405
18.8926 406
18.7859 407
18.8826 408
18.8956 409
19.049 410
19.0509 411
19.0408 412
19.0426 413
19.1756 414
19.2014 415
19.0968 416
19.1502 417
19.1109 418
19.1487 419
19.1994 420
18.7882 421
19.1037 422
19.1511 423
19.424 424
19.2022 425
19.1639 426
19.652 427
19.6268 428
19.6514 429
19.6476 430
19.5233 431
19.1624 432
19.6437 433
19.5763 434
19.4452 435
19.5357 436
19.9222 437
19.7849 438
19.5656 439
19.417 440
19.6119 441
19.7516 442
19.8115 443
20.0834 444
19.849 445
19.6692 446
19.7188 447
19.7635 448
19.9601 449
19.8218 450
19.7567 451
19.1834 452
19.7998 453
-1 -1
77.095 388
77.3301 389
77.3005 390
77.2669 391
77.3217 392
-1 -1
74 395.24
74.9355 394
74.895 393
74.9571 392
74.8219 391
74.5715 390
74 389.755
73 389.213
72 389.378
71 389.318
70 389.264
69.0996 391
68 391.915
67.0868 391
67 389.421
66 389.921
65 389.834
64 389.936
63 389.867
62 389.578
61 389.315
60 389.307
59 389.344
58 388.946
57 389.021
56 389.298
55 389.55
54 389.701
53 390.07
-1 -1
156 389.951
156.986 391
156 392.092
155 391.63
154.924 391
155 390.087
156 389.951
-1 -1
105.695 392
105 392.847
104.463 392
105 391.144
106 391.4
-1 -1
109 390.869
109.992 392
109 393.025
108.041 392
108 391.464
109 390.869
-1 -1
116 393.167
115.122 392
116 391.152
117.156 392
117 393.914
-1 -1
224 391.106
224.94 391
225.168 392
224 392.812
223 392.702
222.26 392
223 391.006
224 391.106
-1 -1
91 393.201
91.8504 394
92.0653 395
91.9954 396
91 396.998
90 397.316
89 397.227
88 396.788
87.479 396
87.1117 395
87.4884 394
88 393.688
89 393.162
90 392.413
91 393.201
-1 -1
173 395.864
174 395.233
175 394.583
176 393.875
177.029 393
178 392.223
-1 -1
275.974 394
276.7 393
278 391.95
279 392.274
279.648 393
-1 -1
99.8497 394
100.142 395
99.6651 396
99 396.693
98 397.024
97 397.05
96 396.632
95.529 396
95.1913 395
95.4313 394
96 393.59
97 394.855
98 393.845
99 393.168
99.8497 394
-1 -1
161 394.696
162 394.127
163 393.48
164 393.634
165 393.707
166 392.967
167 392.777
-1 -1
195 395.04
194.161 394
195 393.256
195 395.04
-1 -1
238.85 395
238.74 396
238.722 397
238.776 398
238 399.356
237 399.665
236 398.958
235.65 398
235.618 397
236.041 396
236.751 395
237.149 394
236 393.197
-1 -1
81 394.413
81.4141 395
81 395.59
80 395.93
78.8886 395
80 393.562
81 394.413
-1 -1
89 394.695
90 394.72
-1 -1
198.904 396
198 394.939
197 394.843
-1 -1
53 404.821
54 404.472
55 404.304
56 404.347
57 404.153
58 404.207
59 404.267
60 404.269
61 404.692
62 404.82
63 404.74
64 404.901
65 404.671
66 404.135
67 403.834
68 403.361
69 403.359
70 403.008
70.4339 402
72 401.336
73 401.073
74 400.846
74.5406 401
74.919 400
74 398.948
73 398.917
71.6945 398
71.2121 397
71.0951 396
70 396.035
-1 -1
143.809 398
143 397.221
142 397.932
141 398.226
140.229 399
-1 -1
80 398.177
81 398.147
81.8363 399
81 399.967
80 400.176
79.2333 400
78.9219 399
79 398.422
80 398.177
-1 -1
266 401.682
265.292 402
264.734 403
264.956 404
264 405.087
263 404.276
262 403.801
261 403.367
260 403.613
259.382 403
258.927 401
259.27 400
260 399.965
261 399.806
262 399.705
263 399.568
264 399.457
265 399.424
266 399.34
267 399.246
267.906 400
267.719 401
268.125 402
268.444 403
270 403.697
271 403.674
272 403.317
-1 -1
90 400.45
91 401.316
92 402.226
92.6323 403
92.1047 404
91 404.959
90 405.079
89 404.905
87.9896 404
87.2513 403
88 401.476
89 401.654
90 402.229
-1 -1
229 405.512
230 405.597
231 405.545
232 405.458
232.797 405
232.971 404
232.639 403
232.198 402
232.096 401
231.854 400
-1 -1
97 401.918
98 401.868
99 400.889
100 401.425
100.303 402
100.297 403
99.7303 404
99 404.52
98 404.89
97 404.752
96.0726 404
95.3201 403
95.4357 402
96 401.455
97 401.918
-1 -1
308 401.13
309 401.661
310 401.997
311 402.113
312 402.111
313 402.306
314 402.809
315 403.027
316 403.115
317 403.22
318 403.71
319 403.826
320 404.015
321 404.192
322 404.476
323 404.813
324 404.93
325 404.929
326 405.057
327 405.24
328 405.756
329 405.88
330 405.923
331 406.208
332 406.5
333 406.854
334 406.906
335 406.891
336 407.082
337 407.251
338 407.77
339 407.911
340 408.154
341 408.182
342 408.353
343 408.906
344 408.944
345 409.073
346 409.327
347 409.875
348 409.933
349 410.058
350 410.104
351 410.279
352 410.85
353 410.876
354 411.073
355 411.257
356 411.841
357 411.895
358 411.925
359 412.073
360 412.271
361 412.808
362 412.913
363 412.987
364 413.126
365 413.808
366 413.863
367 413.919
368 414.095
369 414.269
370 414.804
371 414.889
372 415.026
373 415.453
373.426 416
374 416.146
375 415.969
376 415.884
377 416.068
378 416.252
379 416.484
380 416.818
381 416.946
382 417.212
-1 -1
138 401.66
139.156 403
139.955 404
140.526 405
140.677 406
140 406.742
139 407.1
138 407.434
137 407.808
136.233 407
136.588 406
136.084 405
135.632 404
136 402.794
137 402.127
138 401.66
-1 -1
227 401.741
228.149 403
227 404.221
226 403.637
225.937 403
226.243 402
227 401.741
-1 -1
81 403.088
81.81 404
81 404.841
80 404.942
79.0725 404
80 403.037
81 403.088
-1 -1
299 405.377
300 405.071
301 404.743
301.783 405
303 406.005
304 406.55
305 406.724
306 406.946
307 407.18
308 407.458
309 407.092
309.812 406
309.124 405
308 403.881
307 403.2
306 402.796
-1 -1
236.105 404
235.172 405
234.955 406
234 407.175
233 407.296
232 407.853
231 407.992
230 407.917
229 408.433
229.024 409
228.765 410
228 410.383
-1 -1
127.925 409
127 410.102
126 411.05
125 411.272
124.196 411
124 411.631
123 412.33
122 412.939
121 412.891
120 412.603
119 412.18
118 412.026
116.801 411
118 409.997
119 409.737
120 409.013
121 408.193
122 407.237
123 407.249
-1 -1
290 407.176
291 407.068
292 406.904
293 406.913
294 406.602
294.929 408
294 409.011
293 409.066
292 409.201
291 409.895
290 409.856
288.649 409
289.061 408
289 407.435
290 407.176
-1 -1
81 408.22
80 408.164
79 408.062
78.1225 408
77.8823 409
77 409.304
75.937 409
75 408.196
74 408.022
73 408.012
72 408.063
71 408.128
70 408.18
69 408.169
68 408.3
67 408.156
66 408.081
65 408.222
64 408.185
63 408.537
62 408.659
61 408.347
60 408.171
59 408.192
58 408.566
57 408.769
56 408.629
55 408.771
54 408.682
53 408.846
-1 -1
226 409.63
226.886 409
226.693 408
226 407.923
225 407.798
224 407.901
223 407.877
222 407.806
-1 -1
279 409.824
280 409.216
280.896 408
-1 -1
77.5116 410
77.689 411
77.757 412
77.7856 413
77.9013 414
77.9659 415
77.994 416
77.9839 417
77.9682 418
78.0708 419
78.0791 420
78.0828 421
78.0754 422
78.1245 423
78.1581 424
78.2087 425
77.9502 426
-1 -1
310 414.068
309 415.441
308 414.026
307.161 413
307.251 412
307.126 411
308 409.738
308.987 411
309.311 412
310 411.869
-1 -1
75.8031 432
75.9605 431
76.278 430
76.0996 429
76.1145 428
76.1297 427
76.0569 426
75.9801 425
75.8953 424
75.8819 423
75.9061 422
75.9043 421
75.9061 420
75.9282 419
75.9416 418
75.9033 417
75.9081 416
75.9241 415
75.7777 414
75 413.236
74 412.766
73 413.621
72 413.308
-1 -1
283 416.613
282 415.949
280 415.683
278.892 415
278.992 414
278.996 413
-1 -1
185 426.688
185.629 426
187 424.704
188 423.779
189 422.88
190.409 422
191 421.409
192 420.807
192.927 420
193.897 419
195 419
197 418.243
198 418.059
199 418.43
200 418.114
200.385 417
199.947 416
199.686 415
198.899 414
198 414.023
197 414.18
-1 -1
344 447.908
343 447.002
342 446
341 445.112
340 444.144
338.816 443
337.618 442
336 440.774
335.209 440
334 439.035
332.933 438
331.864 437
331 436.125
330 435.122
328.693 434
327.58 433
327 432.683
326 431.923
325 431
323.914 430
323 429.14
321.828 428
321 427.123
319.668 426
319 425.029
317.397 424
316 422.937
315 421.992
314 422.462
313 422.287
312 422.039
310 420.922
309 420.151
308 419.302
307 419.012
306 419.045
305 418.833
304.319 418
305 417.385
306 417.019
307 417.049
308 417.179
309 417.966
310 419.15
-1 -1
179 418.041
179.836 418
180.119 419
180.969 420
181.281 421
180.846 422
180 422.785
179.241 422
178.723 421
178.275 420
177.944 419
178.201 418
179 418.041
-1 -1
201 419.036
201.534 420
-1 -1
126 421.959
125 422.421
124 422.97
123 423.143
122.155 424
122.212 425
123 425.504
124 425.116
125 424.988
126 424.188
127 423.704
127.44 423
128.34 422
129 421.218
130 420.853
131 420.184
131.769 421
131.776 422
131 423.172
129.943 424
129 424.419
128.242 425
127 425.94
126 426.063
125 427.009
123.715 428
125 429.021
126 428.943
127 428.141
128 427.989
-1 -1
315 420.15
316.144 421
318 422.319
318.78 423
319.93 424
321 424.96
322.084 426
323 426.881
324 427.881
325 428.814
326.392 430
328 431.216
328.849 432
329.955 433
331 433.937
332.133 435
333 435.852
334 436.745
336 438.342
336.727 439
337.741 440
339 441.076
340 441.961
341 442.866
342.271 444
343 444.784
344.548 446
346 447.209
347 448.119
347.928 449
349 450.017
350.047 451
351 451.885
352 452.856
353.406 454
354 454.578
355 455.302
355.757 456
356.891 457
358 458.059
359 458.994
360 459.881
361.221 461
362 461.786
363.424 463
364 463.6
365 464.314
366 465.11
366.972 466
368 466.933
369 467.888
370 468.91
371.356 470
372 470.539
373 471.714
375 473.191
375.882 474
375 474.827
373 473.794
372.134 473
371.004 472
370 471.075
368.865 470
367.722 469
367 468.369
366 467.238
364.725 466
364 465.726
363.185 465
362 464.05
360.867 463
360 462.171
358.765 461
357.817 460
357 459.115
356 457.829
354 456.698
353.236 456
352 454.975
350.915 454
350 453.108
349 452.066
347.789 451
346.883 450
345.711 449
-1 -1
135.702 423
136 422.139
137 422
138 421.998
139 420.906
-1 -1
195.596 421
195 421.618
194 420.843
193 422.001
192 422.953
190.418 424
189 425.099
188.14 426
-1 -1
16.9403 434
17.1245 433
16.9248 432
17.1226 431
17.2728 430
17.2198 429
17.2169 428
17.2402 427
17.0943 426
17.0737 425
17.1669 424
17.1086 423
17.185 422
18 421.585
-1 -1
103.97 423
105 421.621
106 422.5
107 423.186
108 422.779
109 422.807
110 423.265
110.936 424
110.833 425
112 425.731
113 425.858
114 425.417
115 425.156
116 425.014
117 424.856
118 424.089
119 424.176
120 423.781
-1 -1
178 424.047
177 424.684
176 425.206
174.688 424
175 423.296
176 422.452
177 422.075
-1 -1
163 422.903
162 423.55
161 424.109
159.795 425
160.059 426
161 426.76
162 427.368
163 426.879
164 426.189
165 425.698
165.245 425
166 424.971
167 424.904
167.298 426
167.375 427
166.734 428
167 428.738
166 427.712
165 428.31
-1 -1
192.109 425
193 424.148
194 423.295
-1 -1
150 427.014
148.921 426
149.168 425
150 424.747
151 424.838
152 424.824
153 424.656
153.518 424
155 423.581
156.41 424
156.173 425
155 425.812
154 426.095
153 426.874
152 426.996
-1 -1
166 429.767
165 429.687
164 429.188
163 429.549
162 429.783
160.77 429
160 428.154
159 427.716
158 428.125
156.811 427
157 426.369
158 425.888
158.149 425
157.574 424
-1 -1
15.0634 425
14.9766 426
15.0049 427
14.949 428
14.958 429
15.0452 430
15.0489 431
15.0906 432
15.005 433
14.9356 434
15.1274 435
15.1486 436
15.1483 437
15.2637 438
15.1118 439
14.7057 440
14 440.698
13 441.243
12 441.545
11 441.54
10 441.669
9 441.35
8 441.091
7 441.203
6 441.073
4.84502 440
5.16089 439
5.92888 438
7 437.018
8 436.091
9 435.178
11 433.975
12 433.181
13 432.184
-1 -1
109 425.481
108 426.011
107 426.93
106 427.71
105 428.553
104 428.595
103 429.688
102.215 430
101.079 431
102 432.569
103 432.131
104 431.712
105 431.082
106 430.676
-1 -1
277.161 425
277 425.667
276.391 426
276.03 427
275.447 428
275.125 429
275.234 430
275.124 431
275.002 432
275.12 433
275.02 434
275.014 435
274.919 436
274.935 437
274 437.952
-1 -1
134.211 427
134 427.615
133 428.039
132 428.514
131 429.06
-1 -1
207 428.651
207.591 429
208 429.983
208.755 431
209.128 432
210 432.933
211 433.093
211.623 434
211 434.834
210 435.148
209 435.35
208.048 434
207.376 433
206.964 432
207.363 431
-1 -1
127 432.863
128 432.066
129 431.823
129.46 431
129 430.129
128 429.916
127 430.092
126 431.041
125.191 432
124.925 433
124.147 434
124 434.791
123 435.549
122 436.331
121 436.748
-1 -1
191 434.201
192.422 433
194 431.838
195 430.957
196 430.114
-1 -1
151.013 436
152 434.635
153 434.064
154 433.973
155 433.092
155.808 433
157 432.185
158 431.849
159 431.162
-1 -1
197 431.837
196 432.124
195.185 433
194 434.114
193.047 435
192 435.829
191 435.872
189.803 437
189.119 438
188.103 439
187 440
186 440.804
185.216 440
185 439.417
186 438.798
186.716 438
188 436.963
-1 -1
387 433.945
385.77 433
387 431.771
388.048 433
388.945 434
388.479 435
387 435.961
386 435.841
385.23 435
-1 -1
181.917 435
183 436.026
184 435.259
184.549 435
186 433.922
187 433.193
188 432.9
-1 -1
164 434.321
165.095 435
165 434.405
166 433.989
167 433.802
168.041 435
167 436.031
166 436.602
165 437.74
164 438.439
-1 -1
195.259 436
196 435.132
197 434.432
198 434.184
-1 -1
188 434.98
187 435
186 436.029
184.712 437
-1 -1
263.938 436
263 437.02
261.764 436
263 435.056
263.938 436
-1 -1
210.918 438
211.204 439
212 440.265
213 440.284
214 439.853
214.955 439
215.538 438
216 437.299
217 436.808
218 436.341
219 436.018
220 435.916
221 436.093
221.809 437
221 438.05
220 438.127
219 438.125
218 438.565
217 439.088
216.986 440
216.831 441
216 441.833
215 442.243
214 442.518
-1 -1
112 438.214
111 438.337
110 439.02
109 439.288
108 440.093
107 440.135
106 440.696
105 440.664
104 440.878
103 440.972
-1 -1
117.106 442
117 441.287
118.065 441
119 440.167
120 439.88
121 439.664
122 439.029
123 438.839
124 438.013
125 437.853
126 438.254
126.865 439
127.199 440
127.824 441
128.11 442
128.702 443
129.186 444
129.615 445
129.18 446
129 446.582
128 447.247
127 448.038
126 448.276
125 448.92
124.463 448
-1 -1
148 445.953
149.121 445
149.135 444
150 443.212
151 443.143
152 442.951
153 442.249
154.077 441
155 440.056
156 439.287
156.705 439
158 437.765
158.981 439
158.65 440
158 440.084
157 441.106
-1 -1
223.048 440
222.905 441
223.039 442
223.846 443
224.038 444
224.002 445
223.773 446
223 446.453
222.384 446
221.965 445
221.861 444
221.768 443
221.2 442
221.125 441
220.952 440
220.624 439
-1 -1
122.703 441
124 442.695
125 441.934
126.082 441
125 440.063
124 440.024
122.703 441
-1 -1
191.776 441
191 441.686
189.649 443
188.752 444
188 444.243
187 444.872
-1 -1
104 446.903
103 447.667
102 448.041
101 447.778
100 448.949
98.8861 448
99 447.017
100 446.706
101 446.103
102 445.871
103 445.698
104 445.016
105 444.992
106 445.241
107 444.829
108.055 444
109 443.142
110 442.464
111 442.379
-1 -1
195.096 443
194.064 444
193 445.016
191.995 446
191.06 447
190 447.938
188.702 447
190 445.72
191 444.708
191.822 444
193 442.75
194 441.942
-1 -1
182.995 443
182.214 444
181 445.025
180.069 446
-1 -1
125 446.198
126 446.155
127 445.914
127.422 445
127 443.948
126 443.855
125 444.093
124.084 445
-1 -1
72.0756 446
73 445.2
74.1328 446
73 447.137
72.1435 448
71.561 449
71 449
69.9246 450
71 450.804
71.7461 451
73 449.87
74 448.958
74.8754 448
76 447.023
76.9825 448
76 449.04
74.9896 450
74.1039 451
-1 -1
84 452.02
83 452.961
82.0849 452
83 450.879
84 449.995
85 449.403
86 448.914
87 448.03
89 446.888
90 446.064
91 446.146
92 444.817
-1 -1
175.638 452
177 451.131
177.957 451
178 450.429
179 449.753
180 448.817
180.838 448
182 446.955
183 446.055
184 445.332
185 445.003
185.751 446
185 446.829
184.327 447
183.194 448
182 449.02
180.819 450
-1 -1
213.625 445
213.579 446
213.14 447
213.249 448
213.692 449
213.629 450
214.101 451
214.968 452
215.5 453
216.182 454
216.943 455
217.966 456
218.746 457
218.874 458
-1 -1
93.079 446
92 446.961
91 447.628
90 447.933
89 449.087
88.4533 449
87 450.039
86 450.951
-1 -1
162.653 447
162.13 448
161 448.905
160 448.84
158.95 448
160 447.067
161 446.832
162 446.201
162.653 447
-1 -1
61.1175 450
62 451.655
62.8958 451
64 449.786
65 448.987
66.0445 448
67 447.226
68 447.655
69 448.692
71 447.04
-1 -1
134.066 453
135.23 452
136 451.316
137 450.892
138 449.984
138.872 449
140 447.96
141 447.313
142 446.893
-1 -1
207 447.133
206 447.06
205 447.886
204 448.208
203 449.091
202.022 450
200.925 451
200 451.795
199 452.162
198 452.671
197.382 453
196.248 454
195.661 455
194.969 456
194.179 457
193.835 458
192.777 459
192.545 460
191.181 460
190.983 461
190.435 462
190.272 463
190.192 464
190.157 465
190.005 466
190.012 467
190.011 468
190.159 469
190.328 470
190.406 471
190.164 472
190.075 473
189.556 474
189.126 475
188.014 476
187.88 477
187.447 478
187.377 479
187.139 480
186.947 481
187.032 482
187.001 483
186.989 484
186.995 485
187 485.688
186 486.219
185 486.585
-1 -1
77 450.866
78 449.961
79 449.951
79.7854 449
80.0761 448
-1 -1
187 450.076
186 450.969
185 451.313
183.496 451
184.024 450
185 449.022
186 448.358
187 447.79
188 448.232
188.562 449
-1 -1
94 449.947
93 450.903
92 451.014
91 452.05
90 451.682
89.0237 453
88 453.923
87 453.975
86 455.034
85 455.952
83.8548 455
84.8296 454
86 453.044
87 452.207
88 451.928
89.0113 451
90 450.48
91 449.857
92 449.139
93 448.96
-1 -1
158.729 450
158.598 451
158 450.724
157.319 450
158 449.035
158.729 450
-1 -1
183 476.886
184 477.752
184.899 478
185.317 477
185.953 476
186.452 475
187 475.015
186.897 474
187.239 473
187.057 472
186.826 471
187.564 470
186.989 469
187.748 468
187.933 467
187.931 466
187.877 465
187.963 464
187.891 463
187.783 462
188.027 461
188.772 460
189.493 459
190 458.729
191 457.465
192 456.109
193 455.1
193.958 454
194.878 453
196 451.765
197 450.879
198 450.16
-1 -1
53 461.078
52 462.131
51 461.949
50.1425 461
51 459.988
52 459.122
53 458.647
54 457.909
55 457.384
56 458.001
56.8688 457
57.1142 456
58 455.077
59.3697 454
60.5258 453
60.0348 452
59 450.929
-1 -1
79.7264 451
79 451.857
78 452.101
77 453.096
76 453.642
75.4216 453
75.874 452
-1 -1
96 452.953
95.2287 453
95 453.637
94 454.029
93 454.933
92 454.656
91.2134 454
92 453.212
93 452.946
94 452.067
95.0634 451
-1 -1
139 451.802
140 451.278
140.966 452
140.741 453
140 453.864
139.111 455
138 455.842
137 456.029
136.753 455
136.093 454
137.061 453
-1 -1
179.865 451
179 451.968
178.645 453
179.487 454
-1 -1
184.051 454
183.512 455
183 455.589
182 456.416
181 455.03
182.033 454
183 453.11
184.051 454
-1 -1
130 454.419
131 454.779
132 453.963
-1 -1
164 454.292
164.095 455
164 455.519
163 455.724
162.34 455
163 454.116
164 454.292
-1 -1
72 459.99
73 459.565
74 458.904
75 457.854
75.9503 457
77 455.957
78 455.1
78.9767 456
78 456.959
-1 -1
85 458.141
85.8536 458
86 457.382
87 456.915
88 456.045
90 454.932
91.1492 456
90 456.996
89 457.041
88.1748 458
87 459.019
86.1142 460
87 460.929
88 460.69
89 459.905
90 459.052
91 459.112
91.7889 460
91 460.663
90.2342 461
88.9692 462
-1 -1
97.1157 456
97 456.689
96 457.056
95 457.869
94 457.87
93.28 457
94 456.076
94.6927 456
96 454.999
-1 -1
176.045 456
175.029 457
174 457.974
173.009 459
172.058 460
171 460.956
169.84 460
171 458.681
171.45 458
172.386 457
173 456.498
174 455.895
175 454.986
-1 -1
175 467.695
174.034 468
174.081 467
175 466.007
176.303 465
177 464.195
178 463.442
178.548 463
179.589 462
181 460.712
181.57 460
182.801 459
183.81 458
185 456.79
186 455.796
-1 -1
422.064 456
421.984 457
421.935 458
421.707 459
421.467 460
421.111 461
420.831 462
420.651 463
420.003 464
419.767 465
419.424 466
419.348 467
419.075 468
418 468.961
416.954 468
416.859 467
417.014 466
417.089 465
417.184 464
417.2 463
417.642 462
417.735 461
417.826 460
418.012 459
418.025 458
418.311 457
418.318 456
-1 -1
80.0414 460
80 459.238
80.7122 459
81.1135 458
82 457.871
82.984 457
82.9806 459
84 460.123
84.8535 461
84.7898 462
85 462.824
84 463.099
83 463.498
82 463.708
80.9303 463
80 462.15
79 461.773
78.054 462
77 462.968
76 463.872
75 464.633
-1 -1
77 457.997
76.0601 459
74.851 460
73.8782 461
73 461.762
-1 -1
92.6263 462
93.8208 461
95 460.031
97 458.979
98 458.213
-1 -1
178 458.201
178.797 459
177.97 460
177.022 461
176.069 462
175 463.013
174 462.626
173.865 462
175 460.708
176 459.702
176.432 459
177 458.496
178 458.201
-1 -1
99 459.913
98 460.057
96.7403 461
96 461.037
95 462.048
93.8946 463
-1 -1
70 462.433
69 461.784
68.8172 461
68 460.936
67 461.903
65.7094 463
65 463.429
64 464.456
63.3881 465
62.1027 466
61.2171 467
-1 -1
74.8975 463
75 462.289
75.6425 462
77 460.888
-1 -1
123 476.029
124 475.676
125.476 475
126 474.611
127 473.896
128 473.144
128.517 473
130 471.837
130.769 471
132 469.95
133 469.03
134 468.19
135 467.356
136 466.724
137 465.676
137.632 465
139 463.934
141 462.735
142 461.902
142.346 461
-1 -1
94 465.846
95 464.975
96 465.124
97 463.948
98 463.15
100 461.923
-1 -1
259.032 463
258 464.021
257 465.012
256 465.796
255.096 465
255.871 464
256.917 463
258 461.84
259.032 463
-1 -1
24 467.393
23 466.907
22 466.925
21.2473 466
20.997 465
21.3013 464
22 463.22
23 463.182
24 463.119
25 463.018
26 463.159
27 463.772
28 463.878
29 463.715
30 463.709
31.308 465
31.3167 466
31 466.762
30 466.999
29 467.027
28 466.875
27 466.332
-1 -1
49.6258 467
49 467.824
48.21 467
47.7154 466
46.2246 465
47 463.974
48 463.215
49 463.099
49.9126 464
50.5377 465
51.3355 466
52 466.288
52.5866 467
53.0685 468
52.4524 469
54 469.942
55.5 471
56 471.739
57.1368 473
56.5053 474
56 474.71
55 474.429
54 473.907
-1 -1
92.4805 464
91.5048 465
91 464.687
90.1855 464
91 463.105
92.4805 464
-1 -1
101 463.042
100 463.941
99 464.637
98.323 465
97 466.034
96 466.639
95 467.01
93.8501 468
-1 -1
106.706 464
108 465.13
109 464.674
110 464.092
-1 -1
93 468.853
94 469.624
95 469.728
96 469.155
98 468.084
99 467.924
99.869 467
101 465.947
102 465.139
-1 -1
384 489.074
385 488.111
384.713 487
385.045 486
385 485.072
384 484.687
383 484.466
381.422 484
381.752 483
381.798 482
381.886 481
381.957 480
382.102 479
382.019 478
381.895 477
381.811 476
381.689 475
381.093 474
380.775 473
381.292 472
381.067 471
381.135 470
381.375 469
381.562 468
381.89 467
382.281 466
383 465.236
384 464.672
385 465.371
385.437 466
385.91 467
386.124 468
386.178 469
386.277 470
386.458 471
386.388 472
386.353 473
386.377 474
386.599 475
386.684 476
386.533 477
386.378 478
386.575 479
386.625 480
386.64 481
386.844 482
386.833 483
386.88 484
386.946 485
387.042 486
387.14 487
386.877 488
386.677 489
386.181 490
385.673 491
385 491.477
384 491.129
383.045 490
382.366 489
-1 -1
102.057 467
101 468.082
100 469.126
99 469.791
98 470.009
97 470.98
95.7761 472
95 471.875
94 472.195
93 471.836
92.5509 471
92.0657 470
-1 -1
171.744 469
171 469.922
170.163 471
169 472.283
167 472.857
166.203 472
167 470.897
168 471.363
169.061 470
170.199 469
168.744 467
-1 -1
49.9204 471
50.9837 472
51.1192 473
51 473.571
50 474.029
48.6409 473
47.9877 472
47.7769 471
49 470.233
49.9204 471
-1 -1
171.467 472
172 471.597
173 470.802
174 469.919
-1 -1
109.102 475
108 476.02
107.325 476
106 475.04
105 475.839
103 477.053
101.88 478
101 478.746
100 478.899
99.0812 478
100 477.343
100.704 477
101.828 476
103 475
104 474.246
105 473.917
105.308 473
105 472.421
104 472.032
103 472.847
102.319 473
101 473.922
100 474.031
99.3325 475
98 476.119
97 475.557
96.7519 475
98 473.939
99 473.093
101 472.014
102 471.166
103 471.062
-1 -1
153 470.921
152.236 471
151 471.986
150 471.873
149 473.046
148 473.006
146.903 474
-1 -1
175.133 471
174.184 472
173 472.998
172 473.792
171.137 474
170 475.429
169 476.13
-1 -1
149 478.911
150 477.854
151 478.041
153 477.018
155 475.906
155.881 475
155 474.028
154.247 474
153 474.979
152 474.831
151 475.939
150 475.959
149 476.93
148 476.621
147.221 476
148 475.141
149 474.965
150 474.115
151 474.002
152 473.239
153 472.959
154 472.19
-1 -1
163 476.179
164 476.116
165 475.812
166 475.189
167 475.188
167.912 475
168.893 474
170 473.037
-1 -1
31.141 476
31 476.56
30 476.871
29.2009 476
30 474.946
31.141 476
-1 -1
7 475.845
7.92573 477
7 477.989
6.25076 478
6.00773 477
6 476.064
7 475.845
-1 -1
73 476.059
74 476.003
75 476.148
75.7014 477
75 477.582
72.7451 480
73.0135 481
72 481.957
71 482.093
70 481.825
69.8356 481
-1 -1
129.351 482
129 481.247
130 480.65
131 479.892
132 479.084
133 479.071
134 477.937
135 476.834
136 475.964
-1 -1
137 477.028
136.022 478
135.051 479
133 480.672
132 481.077
131.099 482
-1 -1
6 484.395
4.90612 483
5.09314 482
5.43512 481
6 480.543
7 480.324
8.4349 479
9 478.194
-1 -1
85.2178 481
86 481.862
87 481.038
88 480.233
89 479.914
90 478.895
91 479.181
92 477.919
93.1549 479
92 480.04
90 481.051
89 481.742
88 481.987
87 483.071
86 484.166
-1 -1
99 482.247
100 481.977
101 481.795
102 480.902
103 480.126
103.579 480
105 478.879
106 477.935
107.976 478
109 478.841
110 478.078
110.558 478
-1 -1
184.76 485
184.798 484
184.822 483
184.415 482
184.357 481
184.78 480
185.079 479
-1 -1
114 489.926
115 489.578
116 488.606
116.788 488
115.775 487
115 486.642
114 485.741
113 485.979
112 486.114
111 486.924
109.617 486
110 485.32
110.65 485
112 483.898
113 483.177
113.771 482
113.456 481
112.725 480
112 479.556
111 479.916
110 480.19
109 481.119
-1 -1
85.9762 487
87 485.903
88 485.046
90 483.991
91 482.915
92 482.116
93 481.5
93.6525 482
93.639 483
92 484.022
91 485.005
90 485.911
88 487.027
87 487.957
-1 -1
158 491.098
159 490.908
160 490.087
161 489.862
161.015 489
160.792 488
160 487.006
159 487.952
158.222 487
158.632 486
158.864 485
-1 -1
91.1942 488
92 488.033
92.8261 487
93.9476 486
-1 -1
189 487.902
190 487.245
191 487.209
192 487.172
193 487.683
194 488.046
195 487.968
196 487.923
197 487.974
198.236 489
198.525 490
198.287 491
197 492.404
196 491.613
195.775 491
195 490.214
194.446 489
-1 -1
100.864 494
100.293 493
101 492.182
102 491.816
103 490.988
104 491.158
104.732 491
105.049 492
105.085 493
104.681 494
103.898 495
103 495.072
-1 -1
132 491.898
133 491.398
134 490.985
-1 -1
135.964 491
135.005 492
134 492.937
-1 -1
84 494.086
83 493.86
82.2886 493
83 492.106
84 491.964
85.6396 493
-1 -1
159 495.069
160 494.765
161 494.091
162 493.663
162.29 493
161 491.761
160 491.902
159 492.961
-1 -1
142 495.048
143.676 495
145 493.957
146 493.387
147 492.697
148.112 494
147 494.932
-1 -1
99.7221 497
99 498.045
98 498.367
97.0362 499
96 500.128
95 500.827
94 501.478
93 501.67
92 501.93
90.3127 501
91.0755 500
91.453 499
92 498.126
93 497.359
94 496.847
95 496.059
96 495.64
97 495.015
98 494.338
99 494.245
-1 -1
201 496.679
201.719 497
202 496.396
203 495.99
204.224 497
203.579 498
203 498.159
-1 -1
8 502.198
8.64395 502
10 501.159
10.5969 501
11 500.104
12 499.304
12.3808 498
13 497.375
14 497.061
-1 -1
176 502.239
175 502.348
174.03 501
174.081 500
173.855 499
173.859 498
175 497.159
175.896 498
176.454 499
177 499.004
178 499.061
179 499.171
-1 -1
79.2067 503
80 502.029
81 501.85
82 500.939
83.233 502
82 503.029
80.9276 504
81 505.182
82 505.108
83 505.014
83.1204 504
-1 -1
101 504.468
102 503.9
103 503.562
104 502.708
104.093 502
-1 -1
150 510.25
151.238 509
152 508.193
153 507.705
154 506.975
155 506.717
156 505.832
157 504.961
158.071 504
159 503.092
160 502.512
161 502.033
162 502.066
162.878 503
162 503.957
-1 -1
94 509.38
95 509.051
97 507.974
98 507.998
99 506.944
-1 -1
72 510.083
72.75 510
74 509.075
75 508.779
76 508.023
76.9081 509
76.0205 510
-1 -1
